1 -9.19000
2 -9.60000
3 -15.27500
4 -13.67000
5 -14.23000
6 -10.64545
7 -1.22000
8 -4.23000
9 -2.42000
10 0.43000
1 -23.23000
2 -11.55000
3 -9.31250
4 -15.05000
5 -8.09000
6 -12.80000
7 0.26667
8 -0.01000
9 -0.36000
10 3.96000
1 -20.21000
2 -16.05000
3 -14.86250
4 -2.89000
5 0.64000
6 -0.50000
7 -3.57000
8 0.40000
9 1.36000
10 1.13000
1 -4.20000
2 -6.30000
3 -9.26667
4 -13.53333
5 -6.63000
6 -5.21818
7 -0.84000
8 -3.33000
9 -0.60000
10 2.73750
1 -14.67000
2 -8.91000
3 -9.05000
4 -5.88000
5 -5.17778
6 -5.84545
7 -7.81000
8 -2.51000
9 -1.50000
10 2.78000
1 -11.90000
2 -17.46000
3 -17.21250
4 -6.70000
5 -12.32000
6 -6.91818
7 1.85000
8 0.32000
9 1.00000
10 4.15000
1 -17.67000
2 -20.19000
3 -15.21250
4 -3.59000
5 -5.42000
6 -7.13636
7 0.60000
8 -0.04000
9 1.10000
10 4.20000
1 -20.58889
2 -16.25000
3 -7.40000
4 -8.07000
5 -7.66000
6 -12.30000
7 -7.36000
8 0.26000
9 2.71000
10 1.77000
1 -3.94000
2 -5.96000
3 -6.76250
4 -16.32000
5 -17.19000
6 -15.92727
7 -6.47000
8 1.70000
9 1.45000
10 3.79000
1 -7.59000
2 -4.45000
3 -5.92500
4 -1.26000
5 -5.43000
6 -3.40909
7 -6.34000
8 2.16000
9 0.27000
10 -0.90000
1 -11.16000
2 -5.23000
3 0.95000
4 0.32000
5 0.01000
6 -4.36364
7 0.23000
8 -0.30000
9 0.22000
10 5.00000
1 -3.06000
2 -2.89000
3 -4.58889
4 -3.91000
5 -3.82000
6 -2.22727
7 0.55000
8 -0.02000
9 3.72000
10 6.77000
1 -8.89000
2 -4.56000
3 -9.31250
4 -4.02000
5 -1.15000
6 -2.66364
7 -3.33000
8 -4.82000
9 -1.03000
10 0.28000
1 -12.21000
2 -9.24000
3 -16.42500
4 -14.74000
5 -11.55000
6 -14.52727
7 -1.80000
8 -1.44000
9 -0.32000
10 2.52000
1 -10.90000
2 -2.88000
3 -5.48750
4 -9.20000
5 -3.53000
6 -0.80909
7 -1.50000
8 -0.63000
9 1.29000
10 3.61000
1 -11.01000
2 0.81000
3 -3.11111
4 -3.58000
5 -1.66000
6 -3.36364
7 -2.36000
8 -0.24000
9 -0.95000
10 4.00000
1 -13.41000
2 -23.21000
3 -17.50000
4 -12.96000
5 -9.16000
6 -1.62727
7 0.36000
8 2.28000
9 2.05000
10 1.81000
1 -10.70000
2 -3.24000
3 -4.86250
4 -9.00000
5 -2.63000
6 -4.81818
7 -4.03000
8 0.78000
9 -0.85000
10 2.21000
1 -4.63000
2 -6.90000
3 -12.20000
4 -11.31000
5 -4.02000
6 -5.49091
7 -4.09000
8 -2.89000
9 0.89000
10 2.90000
1 -11.13000
2 -17.03000
3 -1.27778
4 -2.39000
5 -2.67000
6 -4.54545
7 -5.16000
8 -2.31000
9 0.19000
10 -2.09000