-23.23
-23.21
-20.5889
-20.21
-20.19
-17.67
-17.5
-17.46
-17.2125
-17.19
-17.03
-16.425
-16.32
-16.25
-16.05
-15.9273
-15.275
-15.2125
-15.05
-14.8625
-14.74
-14.67
-14.5273
-14.23
-13.67
-13.5333
-13.41
-12.96
-12.8
-12.32
-12.3
-12.21
-12.2
-11.9
-11.55
-11.55
-11.31
-11.16
-11.13
-11.01
-10.9
-10.7
-10.6454
-9.6
-9.3125
-9.3125
-9.26667
-9.24
-9.2
-9.19
-9.16
-9.05
-9
-8.91
-8.89
-8.09
-8.07
-7.81
-7.66
-7.59
-7.4
-7.36
-7.13636
-6.91818
-6.9
-6.7625
-6.7
-6.63
-6.47
-6.34
-6.3
-5.96
-5.925
-5.88
-5.84545
-5.49091
-5.4875
-5.43
-5.42
-5.23
-5.21818
-5.17778
-5.16
-4.8625
-4.82
-4.81818
-4.63
-4.58889
-4.56
-4.54545
-4.45
-4.36364
-4.23
-4.2
-4.09
-4.03
-4.02
-4.02
-3.94
-3.91
-3.82
-3.59
-3.58
-3.57
-3.53
-3.40909
-3.36364
-3.33
-3.33
-3.24
-3.11111
-3.06
-2.89
-2.89
-2.89
-2.88
-2.67
-2.66364
-2.63
-2.51
-2.42
-2.39
-2.36
-2.31
-2.22727
-2.09
-1.8
-1.66
-1.62727
-1.5
-1.5
-1.44
-1.27778
-1.26
-1.22
-1.15
-1.03
-0.95
-0.9
-0.85
-0.84
-0.80909
-0.63
-0.6
-0.5
-0.36
-0.32
-0.3
-0.24
-0.04
-0.02
-0.01
0.01
0.19
0.22
0.23
0.26
0.26667
0.27
0.28
0.32
0.32
0.36
0.4
0.43
0.55
0.6
0.64
0.78
0.81
0.89
0.95
1
1.1
1.13
1.29
1.36
1.45
1.7
1.77
1.81
1.85
2.05
2.16
2.21
2.28
2.52
2.71
2.7375
2.78
2.9
3.61
3.72
3.79
3.96
4
4.15
4.2
5
6.77
